1 0.845964 0.775926 0.235677 0.177778
0 0.648828 0.430556 0.077865 0.245370
0 0.451693 0.399537 0.075781 0.186111
0 0.782292 0.353704 0.100000 0.233333
0 0.319010 0.370139 0.053125 0.196759
0 0.899089 0.355787 0.106510 0.124537
0 0.378776 0.375926 0.060156 0.112963
0 0.139583 0.336806 0.066667 0.121759
0 0.033594 0.387731 0.066667 0.146759
2 0.077995 0.343981 0.015365 0.032407
2 0.391406 0.363657 0.016146 0.031019
2 0.135937 0.309491 0.022396 0.040278
2 0.014323 0.361111 0.028125 0.061111
2 0.049349 0.348380 0.012240 0.021759
2 0.556901 0.319213 0.009635 0.024537
