1 0.621745 0.708796 0.194010 0.227778
0 0.262109 0.358565 0.114323 0.255093
0 0.821484 0.344213 0.113802 0.219907
0 0.384505 0.413194 0.087240 0.221759
0 0.550391 0.491898 0.109115 0.315278
0 0.647005 0.418750 0.084115 0.224537
0 0.460547 0.386111 0.062760 0.197222
0 0.039323 0.386111 0.078125 0.138889
0 0.133854 0.352778 0.057292 0.176852
0 0.187891 0.393981 0.061198 0.319444
0 0.953385 0.405556 0.093229 0.224074
2 0.388151 0.358565 0.027344 0.059722
2 0.250651 0.302546 0.034635 0.078241
2 0.014974 0.346759 0.017969 0.033333
2 0.460026 0.318287 0.019010 0.042130
2 0.210938 0.287269 0.023958 0.056944
2 0.696745 0.332407 0.020573 0.050000
2 0.122656 0.298380 0.022396 0.047685
2 0.825260 0.303935 0.033333 0.049537
2 0.340755 0.343056 0.002865 0.006481
